<?xml version="1.0" encoding="UTF-8"?>
<document version="1.5.0">
  <chunk label="Chunk 1" enabled="true">
    <sensors next_id="1">
      <sensor id="0" label="Canon EOS Kiss X7i, EF50mm f/1.8 STM (50mm)" type="frame">
        <resolution width="3456" height="2304"/>
        <property name="pixel_width" value="0.0065759982638888877"/>
        <property name="pixel_height" value="0.0065759982638888877"/>
        <property name="focal_length" value="50"/>
        <property name="layer_index" value="0"/>
        <bands>
          <band label="Red"/>
          <band label="Green"/>
          <band label="Blue"/>
        </bands>
        <data_type>uint8</data_type>
        <calibration type="frame" class="adjusted">
          <resolution width="3456" height="2304"/>
          <f>8682.2451747692048</f>
          <cx>50.327441229189134</cx>
          <cy>-15.520717256787309</cy>
          <k1>-0.10236242256891709</k1>
          <k2>-0.1141031648448924</k2>
          <k3>-6.3326987008001367</k3>
          <p1>0.0017803152656062299</p1>
          <p2>0.00097042180978374262</p2>
        </calibration>
        <covariance>
          <params>f cx cy k1 k2 k3 p1 p2</params>
          <coeffs>9.8115856474304707e+01 1.4947403054352788e+01 -4.6550282189609909e+01 -3.2386756970993330e-02 6.7488961147342108e-01 -4.1148892809187849e+00 -2.0028862397720207e-04 -1.5153299487835750e-04 1.4947403054352788e+01 9.4550026923585790e+01 -8.2118305930538693e-01 -1.5732364311078696e-02 2.8474354465925650e-01 2.5379118773747156e-01 2.0048541807948894e-03 -1.4594041561375010e-04 -4.6550282189609909e+01 -8.2118305930538693e-01 1.3063290044860315e+02 4.4434473129836811e-04 6.9914682862281669e-02 -1.8061106109186689e+00 4.3349680910507478e-04 2.8809247346172715e-03 -3.2386756970993330e-02 -1.5732364311078696e-02 4.4434473129836811e-04 2.0591984857415489e-04 -7.4205984191240294e-03 8.6197487604595349e-02 5.3067279700408509e-07 -4.5460843678116048e-07 6.7488961147342108e-01 2.8474354465925650e-01 6.9914682862281669e-02 -7.4205984191240294e-03 3.4096118426904848e-01 -4.3915951030718992e+00 1.4473358982849570e-06 3.7421264344616665e-06 -4.1148892809187849e+00 2.5379118773747156e-01 -1.8061106109186689e+00 8.6197487604595349e-02 -4.3915951030718992e+00 6.1081314458602606e+01 -4.2069778395611114e-06 -4.1620376590606462e-05 -2.0028862397720207e-04 2.0048541807948894e-03 4.3349680910507478e-04 5.3067279700408509e-07 1.4473358982849570e-06 -4.2069778395611114e-06 7.8919915273980513e-08 -6.4438362651964920e-09 -1.5153299487835750e-04 -1.4594041561375010e-04 2.8809247346172715e-03 -4.5460843678116048e-07 3.7421264344616665e-06 -4.1620376590606462e-05 -6.4438362651964920e-09 1.1389552188863067e-07</coeffs>
        </covariance>
        <meta>
          <property name="Exif/BodySerialNumber" value="301034004847"/>
          <property name="Exif/LensModel" value="EF50mm f/1.8 STM"/>
          <property name="Exif/LensSerialNumber" value="00001beea5"/>
          <property name="Exif/Make" value="Canon"/>
          <property name="Exif/Model" value="Canon EOS Kiss X7i"/>
        </meta>
      </sensor>
    </sensors>
    <components next_id="1" active_id="0">
      <component id="0" label="Component 1">
        <region>
          <center>-1.1441388942426939e-01 -7.9855303907923017e-02 -3.8543054804381214e+00</center>
          <size>2.0281413283481582e+00 1.8198628915299675e+00 8.7836272367193824e-01</size>
          <R>-6.2156425900788348e-01 6.5341791099556379e-01 -4.3209131617538249e-01 -7.8333939413661446e-01 -5.1414429571099973e-01 3.4933513533786159e-01 6.1045489319867556e-03 5.5560838436621285e-01 8.3142170870401477e-01</R>
        </region>
        <partition>
          <camera_ids>0 1 2 3 4 5 6 7 8 9 10 11 12 13 14 15 16 17 18 19</camera_ids>
        </partition>
      </component>
    </components>
    <cameras next_id="20" next_group_id="0">
      <camera id="0" sensor_id="0" component_id="0" label="IMG_4190">
        <transform>9.9854562146836745e-01 -3.4783406915355648e-02 4.1191703651509176e-02 -1.4961935658718439e-01 -3.9288374251057169e-02 -9.9268577566699767e-01 1.1415504560517896e-01 -5.2066798942679260e-01 3.6919716887617561e-02 -1.1560737602667220e-01 -9.9260861829482705e-01 -2.7434302287583862e-01 0 0 0 1</transform>
        <orientation>1</orientation>
      </camera>
      <camera id="1" sensor_id="0" component_id="0" label="IMG_4191">
        <transform>9.9998751419449250e-01 6.8471150394501393e-04 -4.9500126541581705e-03 1.8503618155064009e-03 5.7560054823531013e-04 -9.9975757435801826e-01 -2.2010479271958483e-02 9.6414770417739461e-03 -4.9638834725275176e-03 2.2007355223398029e-02 -9.9974548569970678e-01 -3.6824469804716244e-02 0 0 0 1</transform>
        <rotation_covariance>2.9811265955111383e-08 5.8450883271133241e-09 -8.1160345900286280e-09 5.8450883271133232e-09 1.2517610944719597e-08 -6.8434047353381736e-09 -8.1160345900286280e-09 -6.8434047353381736e-09 2.9883009576735433e-08</rotation_covariance>
        <location_covariance>1.6801034931706037e-07 6.5227572878069137e-08 -7.0782260866857087e-08 6.5227572878069137e-08 4.6505091126926846e-07 -2.7018506036271278e-07 -7.0782260866857087e-08 -2.7018506036271278e-07 5.2884247853876712e-07</location_covariance>
        <orientation>1</orientation>
      </camera>
      <camera id="2" sensor_id="0" component_id="0" label="IMG_4192">
        <transform>9.9952424132300099e-01 1.3982129471455962e-02 2.7491654426803135e-02 -2.8767386300815594e-02 1.9537423225401224e-02 -9.7673294589377302e-01 -2.1356741675495289e-01 8.7926687995404496e-01 2.3865877343832862e-02 2.1400292629101036e-01 -9.7654143150072925e-01 4.0395490446920357e-01 0 0 0 1</transform>
        <rotation_covariance>5.3150410760962212e-08 1.0500059845581269e-08 -2.8083548817999785e-08 1.0500059845581269e-08 2.9457620200318421e-08 -2.9931592739639653e-08 -2.8083548817999781e-08 -2.9931592739639660e-08 1.3965115134776285e-07</rotation_covariance>
        <location_covariance>5.6365539541952629e-07 1.1948327714393682e-07 -2.8143150776597842e-07 1.1948327714393682e-07 1.5432310118689915e-06 -1.8530257017645557e-06 -2.8143150776597842e-07 -1.8530257017645557e-06 3.5286713410900226e-06</location_covariance>
        <orientation>1</orientation>
      </camera>
      <camera id="3" sensor_id="0" component_id="0" label="IMG_4193">
        <transform>9.8285830377788375e-01 1.5824758868152211e-01 -9.4589932716670405e-02 2.9176021600981744e-01 1.8150609899173603e-01 -9.2053084809496222e-01 3.4594579594839908e-01 -1.2551965136282250e+00 -3.2327862961577990e-02 -3.5718434789622738e-01 -9.3347429043026353e-01 -9.6124742389514994e-01 0 0 0 1</transform>
        <rotation_covariance>2.7241432254215768e-07 -2.3150993355309544e-08 5.3200563387916166e-08 -2.3150993355309534e-08 1.0653705325508051e-07 -3.7695237451976245e-08 5.3200563387916173e-08 -3.7695237451976252e-08 1.2596089640953825e-07</rotation_covariance>
        <location_covariance>9.5720467487951193e-07 -4.7356420990992513e-07 1.5850469005076166e-08 -4.7356420990992513e-07 2.4861861975541182e-06 -1.8519580826091058e-07 1.5850469005076166e-08 -1.8519580826091058e-07 1.4189982801029626e-06</location_covariance>
        <orientation>1</orientation>
      </camera>
      <camera id="4" sensor_id="0" component_id="0" label="IMG_4194">
        <transform>1.8723003620280682e-01 5.4127761382936068e-01 -8.1973377282547566e-01 2.6292154175853542e+00 8.1502314304482115e-01 -5.5142434559930686e-01 -1.7795636370109597e-01 4.5021825811427663e-01 -5.4834495515581794e-01 -6.3478321956993278e-01 -5.4439698227267419e-01 -2.1018894892519255e+00 0 0 0 1</transform>
        <rotation_covariance>2.8205823519026345e-06 -4.3140472461068237e-07 1.0573139008460254e-06 -4.3140472461068248e-07 8.7903369267686001e-07 -9.5644731139446415e-07 1.0573139008460254e-06 -9.5644731139446415e-07 1.4629907777630762e-06</rotation_covariance>
        <location_covariance>8.4800667177597163e-06 -3.0546341659122626e-06 4.5699898691073206e-06 -3.0546341659122626e-06 9.9702292221447945e-06 4.5692288918074046e-06 4.5699898691073206e-06 4.5692288918074046e-06 1.4816584256468284e-05</location_covariance>
        <orientation>1</orientation>
      </camera>
      <camera id="5" sensor_id="0" component_id="0" label="IMG_4195">
        <transform>1.2213924334774004e-01 7.0057349802033164e-01 -7.0304962776890567e-01 2.2942275617881100e+00 8.3779185181345017e-01 -4.5256916335262798e-01 -3.0542751254150691e-01 9.8865457490263253e-01 -5.3215300268760268e-01 -5.5170456428586634e-01 -6.4221122341229031e-01 -1.6870940843840125e+00 0 0 0 1</transform>
        <rotation_covariance>2.4773058436494203e-06 -7.0365245646770697e-07 8.1697173104722867e-07 -7.0365245646770718e-07 1.3165778491559346e-06 -1.2086418391012962e-06 8.1697173104722867e-07 -1.2086418391012965e-06 1.2172356391126441e-06</rotation_covariance>
        <location_covariance>4.9291012166271941e-06 -1.0124087167245146e-06 3.9682473767796475e-06 -1.0124087167245146e-06 4.6710761137411667e-06 3.4249806504760801e-06 3.9682473767796475e-06 3.4249806504760801e-06 1.3255643594435655e-05</location_covariance>
        <orientation>1</orientation>
      </camera>
      <camera id="6" sensor_id="0" component_id="0" label="IMG_4196">
        <transform>5.1197369334657267e-02 8.5583253754061916e-01 -5.1471302398520624e-01 1.7529416510481959e+00 8.6521987000514944e-01 -2.9540950832329649e-01 -4.0512689239355543e-01 1.4730724345784258e+00 -4.9877189768618946e-01 -4.2459850456516240e-01 -7.5560750657966880e-01 -1.1152751011379569e+00 0 0 0 1</transform>
        <rotation_covariance>2.6492566004493255e-06 -8.6369227382892985e-07 4.2869001502516991e-07 -8.6369227382893007e-07 2.0108449690243431e-06 -1.2987172583042645e-06 4.2869001502516981e-07 -1.2987172583042645e-06 8.8265727982599537e-07</rotation_covariance>
        <location_covariance>2.5493990370254054e-06 -2.8254326456766541e-07 1.7247556757477052e-06 -2.8254326456766541e-07 1.9207215114909143e-06 2.2857253749470802e-06 1.7247556757477052e-06 2.2857253749470802e-06 1.2824811164228311e-05</location_covariance>
        <orientation>1</orientation>
      </camera>
      <camera id="7" sensor_id="0" component_id="0" label="IMG_4197">
        <transform>3.3220670690163573e-02 9.3504987293641695e-01 -3.5295626097362875e-01 1.1679952884578690e+00 8.5802221831757708e-01 -2.0778521671482791e-01 -4.6970541468898974e-01 1.6838860468737191e+00 -5.1253708149974819e-01 -2.8724038510690081e-01 -8.0919633047324158e-01 -9.2737532823692848e-01 0 0 0 1</transform>
        <rotation_covariance>2.6583304000272196e-06 -9.4132745805918787e-07 8.2716512449000349e-08 -9.4132745805918787e-07 2.4646737811143719e-06 -1.2035334090150898e-06 8.2716512449000057e-08 -1.2035334090150898e-06 6.7916950051779135e-07</rotation_covariance>
        <location_covariance>1.9259081798345275e-06 -8.4515825088739580e-08 8.0249151910884287e-07 -8.4515825088739580e-08 1.4075117692204466e-06 1.8649656063660291e-06 8.0249151910884287e-07 1.8649656063660291e-06 1.1834257712089313e-05</location_covariance>
        <orientation>1</orientation>
      </camera>
      <camera id="8" sensor_id="0" component_id="0" label="IMG_4198">
        <transform>-8.7299461598635908e-01 1.3745504373798617e-01 -4.6795994637342309e-01 1.3856616051564401e+00 4.7958758441409627e-01 6.7340400738803430e-02 -8.7490629172739975e-01 2.9864304074648471e+00 -8.8747672277533704e-02 -9.8821626245439087e-01 -1.2470953967517406e-01 -3.5367546046176170e+00 0 0 0 1</transform>
        <rotation_covariance>7.0572054854496477e-06 1.6458995443131559e-07 1.0432666713496183e-06 1.6458995443131559e-07 1.2847523584842709e-06 -1.2046089254001485e-06 1.0432666713496183e-06 -1.2046089254001487e-06 1.4166360133761614e-06</rotation_covariance>
        <location_covariance>1.7512098360283264e-05 -2.4374937437364079e-07 6.1154972017951747e-06 -2.4374937437364079e-07 2.0839391167402836e-05 2.0097629093180280e-05 6.1154972017951747e-06 2.0097629093180280e-05 2.9278696502245215e-05</location_covariance>
        <orientation>1</orientation>
      </camera>
      <camera id="9" sensor_id="0" component_id="0" label="IMG_4199">
        <transform>-9.1253794601110183e-01 1.9348826744830969e-01 -3.6032872137770339e-01 1.1570044957825201e+00 4.0826601330741391e-01 3.7847018237858010e-01 -8.3071004774734425e-01 3.1293100195358905e+00 -2.4358970994476242e-02 -9.0516441125917901e-01 -4.2436308642707643e-01 -2.2582937951507320e+00 0 0 0 1</transform>
        <rotation_covariance>7.0214204615340016e-06 1.1341640743685339e-07 7.5144419862421494e-07 1.1341640743685331e-07 2.1726279055908259e-06 -1.5459996924676478e-06 7.5144419862421473e-07 -1.5459996924676478e-06 1.2422120242689558e-06</rotation_covariance>
        <location_covariance>8.1182487386767480e-06 -2.3238114277000076e-07 2.9877043128552366e-06 -2.3238114277000076e-07 8.0895602930109770e-06 1.1756147878438130e-05 2.9877043128552366e-06 1.1756147878438130e-05 2.8677723639289272e-05</location_covariance>
        <orientation>1</orientation>
      </camera>
      <camera id="10" sensor_id="0" component_id="0" label="IMG_4200">
        <transform>-9.5805210965789289e-01 1.6370107096836814e-01 -2.3524054613069695e-01 7.1627637497039265e-01 2.8461656008620184e-01 6.3971598839190968e-01 -7.1397259605706087e-01 2.6175092290896349e+00 3.3609059861244517e-02 -7.5097630692290873e-01 -6.5947328796219817e-01 -1.3523526183298276e+00 0 0 0 1</transform>
        <rotation_covariance>7.0125647488161849e-06 1.7423625711821028e-07 5.1330624897748960e-07 1.7423625711821002e-07 3.1479670910410857e-06 -1.6127771016051439e-06 5.1330624897748918e-07 -1.6127771016051444e-06 9.1334386974394481e-07</rotation_covariance>
        <location_covariance>3.4322833481112721e-06 -1.7708850662054350e-07 8.8837286955468089e-07 -1.7708850662054350e-07 2.9567406923084248e-06 5.2090195680901458e-06 8.8837286955468089e-07 5.2090195680901458e-06 1.9268176188862469e-05</location_covariance>
        <orientation>1</orientation>
      </camera>
      <camera id="11" sensor_id="0" component_id="0" label="IMG_4201">
        <transform>-6.2898036976420979e-01 -5.8756160765095644e-01 5.0907273710728362e-01 -1.8234350808759217e+00 -5.9131526236771748e-01 -6.3541951157588802e-02 -8.0393325651703451e-01 2.4885847978108218e+00 5.0470779164014878e-01 -8.0668071605667491e-01 -3.0746750625068348e-01 -2.8321641228908216e+00 0 0 0 1</transform>
        <rotation_covariance>4.9849977328488248e-06 1.1226880924096955e-06 -9.2714776591563291e-07 1.1226880924096957e-06 1.5499585295004773e-06 -1.4482947062760485e-06 -9.2714776591563301e-07 -1.4482947062760483e-06 1.3992800981355497e-06</rotation_covariance>
        <location_covariance>1.0629559467382172e-05 6.3970558936652666e-07 -5.0228455037078688e-06 6.3970558936652666e-07 1.2035881733249386e-05 1.2294102739891581e-05 -5.0228455037078688e-06 1.2294102739891581e-05 2.0070827104876118e-05</location_covariance>
        <orientation>1</orientation>
      </camera>
      <camera id="12" sensor_id="0" component_id="0" label="IMG_4202">
        <transform>-5.6587129489925492e-01 -7.5215141235934779e-01 3.3772463708601264e-01 -1.3316620374937813e+00 -6.1465334402513716e-01 1.1182445836200477e-01 -7.8083068407354539e-01 2.7556876690323793e+00 5.4953702722178432e-01 -6.4943324783836220e-01 -5.2559063187461819e-01 -1.9220867985140855e+00 0 0 0 1</transform>
        <rotation_covariance>4.5167959053604315e-06 1.3199376356926314e-06 -3.4085285229955739e-07 1.3199376356926316e-06 2.4005151959493726e-06 -1.5782146110493576e-06 -3.4085285229955760e-07 -1.5782146110493578e-06 1.1403310713758714e-06</rotation_covariance>
        <location_covariance>5.3319477853818524e-06 8.4687999534713801e-08 -2.6732006130157214e-06 8.4687999534713801e-08 5.3621824708963720e-06 8.4216940381092181e-06 -2.6732006130157214e-06 8.4216940381092181e-06 2.0247952563046160e-05</location_covariance>
        <orientation>1</orientation>
      </camera>
      <camera id="13" sensor_id="0" component_id="0" label="IMG_4203">
        <transform>-5.3488397182980252e-01 -8.2567698252825383e-01 1.7932277379801070e-01 -8.4745376651529569e-01 -6.3933712811418242e-01 2.5675840599416494e-01 -7.2479180291035661e-01 2.5936462482485707e+00 5.5240127922940685e-01 -5.0232722549586395e-01 -6.6522190675844572e-01 -1.3092276713349551e+00 0 0 0 1</transform>
        <rotation_covariance>4.3750507296548549e-06 1.2854334434828353e-06 1.3048790705880413e-07 1.2854334434828345e-06 3.0426139402700071e-06 -1.4731371677066844e-06 1.3048790705880431e-07 -1.4731371677066844e-06 8.8467625623732934e-07</rotation_covariance>
        <location_covariance>2.6929456998569351e-06 -8.6560907421460007e-08 -1.1622106307006026e-06 -8.6560907421460007e-08 2.4493251993410481e-06 5.2345168036176713e-06 -1.1622106307006026e-06 5.2345168036176713e-06 1.6919167740799985e-05</location_covariance>
        <orientation>1</orientation>
      </camera>
      <camera id="14" sensor_id="0" component_id="0" label="IMG_4204">
        <transform>2.6501648772149022e-01 -6.2033426270085612e-01 7.3820841484986532e-01 -2.4392349077174145e+00 -6.6889758481608619e-01 -6.6969315846751853e-01 -3.2262531600760275e-01 8.8304131535312613e-01 6.9450866248231347e-01 -4.0828479768561549e-01 -5.9241981880744365e-01 -2.0060368478569548e+00 0 0 0 1</transform>
        <rotation_covariance>1.4253634587382796e-06 5.4464930093475290e-07 -6.4437402842011134e-07 5.4464930093475321e-07 8.2308399867441809e-07 -9.3288962300342873e-07 -6.4437402842011113e-07 -9.3288962300342852e-07 1.1543145030122111e-06</rotation_covariance>
        <location_covariance>5.0263247875208904e-06 5.9989923877026938e-07 -4.4645450452283813e-06 5.9989923877026938e-07 6.1328004679269057e-06 3.4678538900241469e-06 -4.4645450452283813e-06 3.4678538900241469e-06 1.0588809131884196e-05</location_covariance>
        <orientation>1</orientation>
      </camera>
      <camera id="15" sensor_id="0" component_id="0" label="IMG_4205">
        <transform>3.1195993675998568e-01 -7.9017876086111161e-01 5.2754006837462475e-01 -1.9169617977675089e+00 -6.5157106229237738e-01 -5.8203854566386082e-01 -4.8650414401593828e-01 1.5749649199105704e+00 6.9147389584849006e-01 -1.9196004075196471e-01 -6.9643032251232051e-01 -1.4034513675006164e+00 0 0 0 1</transform>
        <rotation_covariance>1.1248053072469797e-06 6.1588039788122125e-07 -2.1835035800406366e-07 6.1588039788122115e-07 1.2951249941629911e-06 -9.8810285839818416e-07 -2.1835035800406390e-07 -9.8810285839818395e-07 8.8288776349938640e-07</rotation_covariance>
        <location_covariance>2.6854913998388779e-06 1.2681093519210433e-07 -2.8315179803424646e-06 1.2681093519210433e-07 2.5508498672089024e-06 3.2129167923260282e-06 -2.8315179803424646e-06 3.2129167923260282e-06 1.1430008673939621e-05</location_covariance>
        <orientation>1</orientation>
      </camera>
      <camera id="16" sensor_id="0" component_id="0" label="IMG_4206">
        <transform>3.2456354947140942e-01 -9.1580761159552704e-01 2.3654792516150952e-01 -8.3453556095391201e-01 -6.9883368472218887e-01 -4.0070875592692762e-01 -5.9250651812541411e-01 1.8599846251169239e+00 6.3740880402778211e-01 2.6998360453724474e-02 -7.7005266383584636e-01 -1.2541850918383151e+00 0 0 0 1</transform>
        <rotation_covariance>1.1845500739634442e-06 5.4615381027213613e-07 2.6290689136967764e-07 5.4615381027213613e-07 1.9112584961121226e-06 -8.6061446134415087e-07 2.6290689136967764e-07 -8.6061446134415109e-07 6.8108634882489697e-07</rotation_covariance>
        <location_covariance>2.4800753978245948e-06 6.4137851720012221e-08 -1.1504507638388682e-06 6.4137851720012221e-08 1.8841329424903645e-06 3.6925778967938870e-06 -1.1504507638388682e-06 3.6925778967938870e-06 1.0394239765782240e-05</location_covariance>
        <orientation>1</orientation>
      </camera>
      <camera id="17" sensor_id="0" component_id="0" label="IMG_4207">
        <transform>8.5629572526406217e-01 -4.0749026706667762e-01 3.1734730681135587e-01 -1.1531864955891862e+00 -4.1850938800098825e-01 -9.0749815544792023e-01 -3.6013747564775545e-02 -6.0774402073144398e-02 3.0266734718091304e-01 -1.0197440906692591e-01 -9.4762529348151103e-01 -6.9844982804646172e-01 0 0 0 1</transform>
        <rotation_covariance>2.2536514675785629e-07 5.8633254212757803e-08 -8.1481133399787765e-09 5.8633254212757803e-08 3.0799873432414349e-07 -2.0710646666308889e-07 -8.1481133399787765e-09 -2.0710646666308884e-07 1.7657600742033534e-07</rotation_covariance>
        <location_covariance>7.4751005637278946e-07 6.3529129083256500e-08 -3.9036786674528138e-07 6.3529129083256500e-08 7.0929351197309654e-07 1.9457725638021939e-07 -3.9036786674528138e-07 1.9457725638021939e-07 1.7177341315554147e-06</location_covariance>
        <orientation>1</orientation>
      </camera>
      <camera id="18" sensor_id="0" component_id="0" label="IMG_4208">
        <transform>8.7736982869813707e-01 -4.4886661489257651e-01 1.6953154787555125e-01 -6.6812729787060399e-01 -3.9846994589549767e-01 -8.7845709191190957e-01 -2.6369459586367894e-01 7.8128426529274098e-01 2.6728989114487722e-01 1.6380445569198959e-01 -9.4959160399995679e-01 -5.1709119306740636e-01 0 0 0 1</transform>
        <rotation_covariance>2.0205021605115711e-07 1.1858523194442225e-08 1.2540463866958885e-07 1.1858523194442201e-08 3.5482828233847783e-07 -1.6866016748636518e-07 1.2540463866958888e-07 -1.6866016748636518e-07 2.1001040836809782e-07</rotation_covariance>
        <location_covariance>4.8949448816654251e-07 5.4266521869983962e-08 -2.9862716973714045e-07 5.4266521869983962e-08 5.0609957594503609e-07 3.6266635576237859e-07 -2.9862716973714045e-07 3.6266635576237859e-07 3.3319598604156519e-06</location_covariance>
        <orientation>1</orientation>
      </camera>
      <camera id="19" sensor_id="0" component_id="0" label="IMG_4209">
        <transform>2.4956262299923110e-01 -9.6440882139377049e-01 8.7373465191795563e-02 -3.4500143768763147e-01 -7.9308163787574859e-01 -2.5533006477928943e-01 -5.5301724537678176e-01 1.8774920016963046e+00 5.5564378235166356e-01 6.8718143438849688e-02 -8.2857576834967506e-01 -7.2456796302879023e-01 0 0 0 1</transform>
        <rotation_covariance>1.5539943995312603e-06 4.9466794101196685e-07 5.1038962800005472e-07 4.9466794101196685e-07 2.2928953168085214e-06 -7.1319255733333479e-07 5.1038962800005451e-07 -7.1319255733333479e-07 5.5744810874257713e-07</rotation_covariance>
        <location_covariance>1.0653648855485330e-06 2.4726274325232416e-08 -3.3062505733897306e-07 2.4726274325232419e-08 3.4731440086676694e-07 1.8392682317481706e-06 -3.3062505733897306e-07 1.8392682317481704e-06 9.9404926270157654e-06</location_covariance>
        <orientation>1</orientation>
      </camera>
    </cameras>
    <reference>LOCAL_CS["Local Coordinates (m)",LOCAL_DATUM["Local Datum",0],UNIT["metre",1,AUTHORITY["EPSG","9001"]]]</reference>
    <region>
      <center>-1.1441388942426939e-01 -7.9855303907923017e-02 -3.8543054804381214e+00</center>
      <size>2.0281413283481582e+00 1.8198628915299675e+00 8.7836272367193824e-01</size>
      <R>-6.2156425900788348e-01 6.5341791099556379e-01 -4.3209131617538249e-01 -7.8333939413661446e-01 -5.1414429571099973e-01 3.4933513533786159e-01 6.1045489319867556e-03 5.5560838436621285e-01 8.3142170870401477e-01</R>
    </region>
    <settings>
      <property name="accuracy_tiepoints" value="1"/>
      <property name="accuracy_cameras" value="10"/>
      <property name="accuracy_cameras_ypr" value="10"/>
      <property name="accuracy_markers" value="0.0050000000000000001"/>
      <property name="accuracy_scalebars" value="0.001"/>
      <property name="accuracy_projections" value="0.5"/>
    </settings>
    <meta>
      <property name="AlignCameras/adaptive_fitting" value="false"/>
      <property name="AlignCameras/cameras" value=""/>
      <property name="AlignCameras/duration" value="2.291829"/>
      <property name="AlignCameras/min_image" value="2"/>
      <property name="AlignCameras/ram_used" value="8192"/>
      <property name="AlignCameras/reset_alignment" value="false"/>
      <property name="AlignCameras/subdivide_task" value="true"/>
      <property name="OptimizeCameras/adaptive_fitting" value="false"/>
      <property name="OptimizeCameras/duration" value="0.0948059999999999"/>
      <property name="OptimizeCameras/fit_flags" value="f cx cy k1 k2 k3 p1 p2"/>
      <property name="OptimizeCameras/sigma0" value="0.156617790646891"/>
    </meta>
  </chunk>
</document>
